5.250254473066966909e+01
2.803686708736469413e+01
2.577359071553336634e+01
4.362742725497240315e+01
2.803686708736469413e+01
2.653319259486604764e+01
4.347381668381738962e+01
3.077712151623778070e+01
2.781278534016453463e+01
1.934818954134812685e+01
4.099847590956419907e+01
5.346798354418468335e+01
5.400105963022777011e+00
1.436548672264508042e+01
2.352696624359995781e+01
4.245461231069149477e+01
3.355345376491822407e+01
3.133123418728613530e+01
2.344405947357925513e+01
5.768392628546829215e+00
2.421010350584209192e+01
2.764065053970582042e+01
3.571064579339973477e+01
3.844399384777646134e+01
3.308686431387924642e+01
4.037506093724083200e+01
5.394922208571048650e+00
2.285047946294329435e+01
4.252426086045919362e+01
2.826648511100569650e+01
2.389791101263807249e+01
4.673353704470117265e+01
3.041344328536799679e+01
3.700442484666028520e+01
2.325236860629438596e+01
3.822448148463103479e+01
3.556923067332705557e+01
3.409501594829100668e+01
3.140148590464607992e+01
3.791392340477167266e+01
3.148438134160218738e+01
2.842518532628552919e+01
4.506127057455464779e+01
4.048643699061889834e+01
3.118183470486882669e+01
3.823644514517134496e+01
1.439023837083737689e+01
2.285395382470904480e+01
2.915703730766123059e+01
4.076111993794719268e+01
3.814931816282368970e+01
3.874590492440786704e+01
2.611780080246981939e+01
2.297181837580999186e+01
3.495023472828287936e+01
3.494423518513780635e+01
4.128632526316108908e+01
2.948196670639145367e+01
1.784720542362205009e+01
2.413303889780697631e+01
2.312897238998336036e+01
3.504971679599682233e+01
4.674855552913998480e+01
2.160610401593995888e+01
4.703953203783486003e+01
4.895159868937625447e+01
3.671150994641649135e+01
4.602967163692923691e+01
3.740167920162932091e+01
3.692908362993805582e+01
2.948196670639145367e+01
4.668226208380932007e+01
4.615677028863863285e+01
2.948196670639145367e+01
2.795908368845179126e+01
1.381151089531988418e+01
2.948196670639145367e+01
3.700442484666028520e+01
4.245583497836679499e+01
2.812401477640796799e+01
2.948196670639145367e+01
4.246861084640110562e+01
4.268985846689670893e+01
4.349381021890160781e+01
2.948196670639145367e+01
2.794399078033494987e+01
4.324468538733331258e+01
2.948196670639145367e+01
2.948196670639145367e+01
4.358428625646134691e+01
1.549871865142596761e+01
3.991572746743197087e+01
3.946502523278217467e+01
2.727914419604475071e+01
1.539271891184617047e+01
2.948196670639145367e+01
1.150578256774986308e+01
3.264720554002869335e+01
3.326666344094488892e+01
1.587812658123079856e+01
3.776590013340815233e+01
3.561205990219071538e+01
4.089291916927544435e+01
3.234547806772592082e+01
3.307821254443952341e+01
4.115353749281031526e+01
2.753085820869120326e+01
4.271193745473755143e+01
1.494554401470906591e+01
1.089053122579638888e+01
1.625042806646476024e+01
2.948196670639145367e+01
3.317749942954309006e+01
4.240554364464789217e+01
3.719911836754979362e+01
2.948196670639145367e+01
1.627260034226307539e+01
1.792795278664428693e+01
3.234547806772592082e+01
2.948196670639145367e+01
4.422287921487145468e+01
1.835642810428113236e+01
2.441718979555365365e+01
4.297170484535890722e+01
2.270236267856224543e+01
4.684724128440630864e+01
5.308145959928274316e+00
2.838625602774327916e+01
2.736437434716027894e+01
4.642627520568503741e+01
3.302738227104482149e+01
1.538187143173500893e+01
1.572165510881156614e+01
2.648633448697257720e+01
2.691290080843572241e+01
4.091000517320035357e+01
2.859804711507523223e+01
2.649843350211991222e+01
4.142853173047977577e+01
3.317743662831104245e+01
3.853908538723670230e+00
4.056335426624504237e+01
4.510609715189818303e+01
4.040686084860320904e+01
1.484719330594174380e+01
1.870845754228439617e+01
8.050847990386131414e+01
2.797261345965628365e+01
2.495093630892430170e+01
2.799511530546099536e+01
3.451151286144229857e+01
2.234319309988398672e+01
4.107587247955826371e+01
4.107587247955826371e+01
4.091879190923347664e+01
2.053723292714142090e+01
4.294614502319895166e+01
2.205062534089130821e+01
3.436447917677613617e+01
2.685957599189304190e+01
2.249438555020716635e+01
3.914094702738383091e+01
2.586394624915516260e+01
3.791781398517447599e+01
4.343848860822947699e+01
4.844857973491753711e+01
1.635003206187107949e+01
