4.127944255655994765e-01
4.876207783119439476e-01
2.959436864362333663e-01
3.746430312825304587e-01
4.876207783119439476e-01
3.739039300355375128e-01
2.722414252177700611e-01
1.915497105462677374e-01
3.190397835208788058e-01
2.989969098028041894e-01
4.435930374784327612e-01
6.474200204099841427e-01
4.798607587536355967e-01
6.263803682700090913e-01
3.638536612603361364e-01
2.368159264806250497e-01
3.039263127850057034e-01
5.364674920606590236e-01
5.146212660713201936e-01
5.022320806108641067e-01
1.130644531043267231e-01
3.071717136370121781e-01
2.472228250615387812e-01
1.866716280257963434e-01
3.229265752967088177e-01
2.882160644535255445e-01
5.363802660445130543e-01
4.418838456976426077e-01
5.231188750600126447e-01
3.696326427601926423e-01
2.362280335676696374e-01
4.141439789096753032e-01
2.946153384160797861e-01
6.621518836537639841e-01
3.052876596145093213e-01
3.551875251794840982e-01
6.644777774689138994e-01
4.045076600550850388e-01
2.812097229221163230e-01
2.848930441919109713e-01
2.280884019506986826e-01
1.737150363553223997e-01
4.471130133552074781e-01
3.802946813520624580e-01
2.743017262372003384e-01
2.686416294926406989e-01
3.495480022651195062e-01
3.209078915218805395e-01
2.155350925501614556e-01
3.528951155108293047e-01
2.921294304863584212e-01
3.270801006651147258e-01
3.064045837799026506e-01
2.774376571043983830e-01
1.960349385583473603e-01
1.638989713758257916e-01
2.653592738636161852e-01
1.647557228392427242e-01
3.862996211767026344e-01
5.800085763718419996e-01
2.011644938662184301e-01
1.602093132410222498e-01
4.188509198509542952e-01
1.863745552705064479e-01
2.702214113132859197e-01
3.072401181397403924e-01
3.704455093484881334e-01
2.845735679879562996e-01
3.377457362861796542e-01
3.029201383251964863e-01
1.647557228392427242e-01
1.833425550343846522e-01
2.836456655107498226e-01
1.647557228392427242e-01
3.540259222146581730e-01
3.735637264762766141e-01
1.647557228392427242e-01
6.621518836537639841e-01
1.595692531347812915e-01
2.340081678702199686e-01
1.647557228392427242e-01
2.676260047200631487e-01
1.951253603548075422e-01
4.439243561958419737e-01
1.647557228392427242e-01
8.134255246735912215e-02
2.082311919781387466e-01
1.647557228392427242e-01
1.647557228392427242e-01
2.448377526703400253e-01
2.336598126759379668e-01
4.653171963635788222e-01
1.310282195026562235e-01
3.025728074620658292e-01
1.720523098349598656e-01
1.647557228392427242e-01
1.345488676327884769e-01
2.821007898801783931e-01
2.886739485973764396e-01
3.345387930945635802e-01
2.129896995096153267e-01
4.916098827738354382e-01
2.550847935603404171e-01
5.762737981725225556e-01
5.402941518808312971e-01
2.856990342196859545e-01
4.337887985839088967e-01
1.607842730152776456e-01
3.759641992477181227e-01
2.471083386513593660e-01
1.068445471008629827e-01
1.647557228392427242e-01
3.488004980928635090e-01
2.210902019215782444e-01
2.224258162599229149e-01
1.647557228392427242e-01
1.084989039721210302e-01
1.157241515084921069e-01
5.762737981725225556e-01
1.647557228392427242e-01
2.153920589172522437e-01
1.405238082241843656e-01
4.733012311636337621e-01
1.089771801373887183e-01
2.101027160161415275e-01
3.923377823337942383e-01
5.293590397886116516e-01
2.793478939945099326e-01
1.151321635756555606e-01
2.847635690604775061e-01
1.936575802926898682e-01
9.605567090073477421e-02
1.621081504311826516e-01
2.632640766375243802e-01
3.719276997369909132e-01
2.510094680905388120e-01
8.423588387238293285e-01
4.696333278814957546e-01
1.987318982618875018e-01
1.253970268808013711e-01
2.351723220138453030e-01
1.437593616843372557e-01
3.379290757558785496e-01
2.114355412187618466e-01
1.634115584189598236e-01
2.479045202619082067e-01
5.535090591502295210e-01
3.000387032084035344e-01
2.567118187803903995e-01
3.217049274070769016e-01
3.359238650644396640e-01
2.822093653610855402e-01
3.008363242682795535e-01
3.008363242682795535e-01
7.886414410224221738e-01
2.623379689764157030e-01
2.318829462540068498e-01
1.852484082711343960e-01
4.030619574798568472e-01
1.312809641436076813e-01
5.383793530503313551e-01
5.788292731883729614e-01
4.439539412279808195e-01
4.309270496608036960e-01
4.358375884939784672e-01
3.713017208382158318e-01
2.471844927230183175e-01
