4.779649723796795119e-02
2.327157140944898991e-02
2.014601553660622796e-02
2.114902168763421741e-02
1.810207623749190628e-02
2.037936273171895782e-02
3.299452937153355553e-02
1.918385193896645496e-02
1.668650883247966427e-02
3.709187576177895573e-02
3.055024230346780473e-02
2.597700216524784569e-02
1.627315642943503657e-02
4.140145718313477385e-02
1.340561420437326803e-02
1.329179752166113025e-02
1.870305256623302700e-02
2.133744875126863255e-02
2.533553477283573274e-02
2.581437205316577596e-02
7.181808224244815020e-03
5.024861559507336900e-02
2.249774165386381891e-02
1.963002258628111091e-02
2.766610225403041273e-02
2.116750729313692653e-02
2.552531599601085693e-02
1.800941176654139581e-02
1.681611164137111064e-02
1.887575532941513853e-02
3.048843367771634713e-02
2.177106080880056305e-02
1.527129992991144679e-02
3.445151648125923532e-02
2.220863215258812168e-02
2.037741579383375856e-02
2.366239404887272510e-02
3.205038730238505412e-02
1.043896391957067904e-02
3.543155052285109491e-02
1.429718970841453371e-02
2.255279660740726680e-02
3.043222593098950102e-02
2.171939301076795947e-02
2.239960708907094700e-02
2.513957791584848014e-02
1.523846364731075084e-02
1.410035762704845395e-02
1.455890494340406766e-02
1.190332471790326099e-02
1.920342232581567429e-02
1.547942218845041636e-02
2.387764044572814742e-02
2.543456385123086042e-02
3.637606134301411831e-02
2.419046002403792486e-02
1.281691711870870491e-02
2.574595646129882592e-02
2.161522923955710995e-02
3.125504761494486694e-02
2.121067607431126323e-02
2.714957979811254488e-02
2.728459066278915782e-02
1.506416472742511635e-02
1.664105865208500776e-02
1.990508068367406735e-02
3.020581199520075075e-02
1.997879843473973280e-02
2.891492132646455646e-02
1.577623294419519887e-02
2.352515388915100980e-02
1.365393242602263961e-02
2.232949090794653091e-02
1.574436905483747248e-02
1.228665751115253293e-02
2.849335050655190521e-02
1.677961631346638199e-02
2.205100537787833131e-02
1.773565953999812692e-02
2.818310614725420479e-02
7.140698887166357749e-03
2.217869150056605079e-02
8.768730350656920788e-03
2.242990245349824399e-02
9.758849558552953884e-03
7.245427740952940093e-03
9.069149426985688434e-03
9.198051307590522988e-03
9.826622915952192699e-03
1.083571759071557360e-02
3.536732015548416097e-02
1.403790480141039326e-02
1.246017864799093926e-02
1.242757925057330799e-02
1.140403657737726340e-02
1.287494736289884062e-02
9.722692679543468164e-03
2.817190364433379279e-02
2.970438340281175010e-02
2.789322165051219896e-02
1.595013183891413541e-02
2.845367132722515305e-02
1.282410712357377747e-02
2.732482778021812914e-02
2.849632620847983994e-02
1.235665102880976855e-02
2.357226733941661032e-02
7.572100382599995794e-02
1.966134032177732638e-02
1.492091320395318166e-02
2.774605332079442890e-02
1.028867973749920117e-01
2.227773803393268831e-02
9.509927640040059804e-02
2.102114972623609496e-02
8.175853235091523619e-02
1.077322421940256521e-02
1.245883539966850286e-02
1.003305358005242287e-02
4.821861310466186296e-02
1.742225618839213230e-02
1.155971550684206824e-02
2.512293369204428306e-02
9.271480786736892993e-03
1.682592681954605054e-02
1.801091967297983876e-02
1.754572643784221495e-02
1.208346663152587604e-02
2.960107164879779290e-02
1.899767691013317869e-02
1.611594272522443722e-02
1.444810551900338642e-02
4.218646781278537206e-02
2.395742276400115653e-02
4.507130385747101786e-02
1.469449462061634196e-02
3.517140105435270087e-02
3.208253281509216431e-02
1.910438720376066504e-02
2.181675229164650384e-02
2.930767443393327357e-02
1.505436568796374337e-02
1.806003443723230503e-02
1.522026663271074109e-02
1.415940018997602703e-02
1.080592329487005052e-02
2.662353820295166110e-02
1.975446896274970707e-02
2.678809690501619475e-02
1.943114818798621565e-02
2.682426301328016613e-02
1.607481904143183427e-02
2.937622501142234110e-02
2.810641028954847034e-02
4.009963559365054692e-02
3.312175147674849968e-02
1.912915964216585496e-02
2.573846212880739545e-02
1.855479354265541711e-02
2.362843943609945277e-02
2.495347744961914915e-02
7.331002681433786139e-02
2.814825843578256867e-02
6.073230343416210347e-02
1.929370001227812340e-02
2.186966760298811319e-02
1.746838122327292256e-02
