4.120202285776455398e+01
3.244939644518224497e+01
5.750890368247466000e+01
5.457414814097270295e+01
3.244939644518224497e+01
8.493411354582603678e+01
6.345585484862547787e+01
2.014665834562518043e+01
7.141133735572068986e+01
3.047659482098221417e+01
1.955041721958471257e+01
4.933115248194598479e+01
3.697380470971987165e+01
4.775518008277651916e+01
3.234059908351736112e+01
6.259153778725842443e+01
2.643796383801119987e+01
8.848529237195980102e+01
4.881589406727329106e+00
5.177345294542352150e+01
1.019735003221313363e+01
8.423008500155732747e+01
2.028865989372184586e+01
3.776468239589994624e+01
5.555319108468120959e+01
7.175337420222115270e+01
4.648521559648215629e+01
6.987065136238553009e+01
8.468773757142342617e+01
6.677127106354808461e+01
2.564422741065020883e+00
6.805467842990165650e+01
2.760337914525754499e+01
4.581698044125882063e+01
3.551843936395033552e+01
1.766316856575928895e+01
7.550486270890588969e+01
3.570055679654260672e+01
8.201397157319226494e+01
1.878249976553485823e+01
8.212543433422924011e+01
5.334793963221341784e+01
6.580579267446714198e+01
6.957729953773674936e+01
1.444700518558428115e+01
6.363235030259085079e+01
2.085221284454391011e+01
4.022856671260938377e+00
2.270952786234087917e+00
5.969570888915363582e+01
4.184563676633783302e+01
2.138620755352960146e+00
3.359306347122159764e+01
6.207231368944227512e+01
2.501493729280033307e+01
2.290352252470787064e+01
5.900282586183045197e+01
3.417096105082983826e+01
7.437143940263082698e+01
5.126838570148488827e+01
1.850081616486449754e+00
2.360443059176340341e+01
6.613681621895689489e+01
4.916687794843757331e+01
6.557853584163294158e+01
5.811252947072495800e+01
8.244262388287840793e+01
4.902430836140404580e+01
2.666063325401607287e+01
2.757262549765746584e+01
3.417096105082983826e+01
6.543234012405980593e+01
5.234916196708616809e+01
3.417096105082983826e+01
5.095597438368476872e+01
5.534256603562271692e+01
3.417096105082983826e+01
4.581698044125882063e+01
1.390235208896810271e+01
5.351957410046544794e+01
3.417096105082983826e+01
8.148143430720143954e+01
1.109585127970450991e+01
7.950864982190429942e+01
3.417096105082983826e+01
3.760281773295788099e+01
4.275269918286250004e+01
3.417096105082983826e+01
3.417096105082983826e+01
2.782420640280244495e+00
6.604679340006912014e+01
6.547941583290484147e+00
6.827541468849750572e+01
3.440092225039362006e+01
6.160004082437927764e+01
3.417096105082983826e+01
5.067492346361886035e+01
2.622133063936087183e+01
7.804684735987706290e+01
6.301921100392165442e+01
6.680480222538864865e+00
1.653243216637479307e+01
8.403931383738898830e+01
2.779051733809184910e+01
2.755711861020683884e+01
3.890450140170899118e+01
3.957792438561192228e+01
8.091990892932135182e+01
5.959266841546768489e+01
3.827243985144980343e+01
6.121545148453089524e+01
3.417096105082983826e+01
7.775759919096141459e+01
8.150650871776419137e+01
4.309368499294714638e+01
3.417096105082983826e+01
6.177145042137208719e+01
8.710719999070771280e+01
2.779051733809184910e+01
3.417096105082983826e+01
3.085567129472425307e+01
8.642984444274983957e+01
1.434628792091689808e+00
5.091003315726936052e+01
1.042645744624785387e+01
3.033627013299487274e+01
7.900678570234853737e+01
6.526118494123049629e+01
8.621379212278083060e+01
3.158940101324924754e+01
3.448221176675618693e+01
6.017549852515607256e+01
6.221627873012180032e+01
5.581628547721798839e+01
3.657041160097231369e+01
6.987429419326841185e+01
2.570003125915253150e+00
8.347403794852067449e+01
8.312917417005510856e+01
3.401146885150097177e+01
9.360253367421069015e+01
1.011644545016293861e+01
3.656045520029832829e+01
9.714815639008680392e+00
5.957867065371404180e+01
9.213102163662918898e+00
1.482990483021953878e+02
6.856515823979887614e+01
6.505930789885957743e+00
6.096556036173040383e+01
7.562195817233487105e+01
5.115360160659388811e+01
5.787133000686599615e+01
5.787133000686599615e+01
4.034563532854298273e+01
2.735131203372789699e+01
3.815426442442338750e+00
5.048508241936870178e+01
7.954880309984794451e+01
5.620530093467191790e+01
5.497954870148732454e+01
6.394647318211676890e+01
3.401615621679175749e+00
2.139033844863580569e+01
1.646732230377098105e+01
4.109316960627919002e+01
1.041872264603765608e+01
