1.352098754210420282e+02
3.468154980433937453e+02
1.106171888112667574e+02
1.490107370818334118e+02
3.468154980433937453e+02
3.271672539641451749e+01
1.197515854605275791e+02
3.340138655897077342e+02
2.206533277415209966e+02
2.070418944206923868e+02
2.301804959648140709e+02
1.022314107901410374e+01
2.881433351128725917e+02
6.853740259375732080e+01
2.804338042661274812e+02
1.182883157853880789e+02
1.142075753300413368e+02
2.267832343258809829e+02
3.528020336898429150e+02
2.728220947199687885e+02
3.479756952768757969e+02
1.340676221973856173e+02
3.482650740503766542e+02
1.974526592509695604e+02
1.455574314211725380e+02
2.740050567780407391e+02
2.786602599001403178e+02
1.064785714859394439e+01
1.347619873949945770e+02
1.431798610497736206e+02
3.551107488022236112e+02
3.349652219075301787e+02
3.237826349539516002e+01
5.041049096580110245e+01
2.305198558087124354e+02
1.955465994132696039e+02
6.373771246946576596e+00
2.558620004807161479e+02
2.852275615510813509e+02
1.941724492921394756e+02
2.853886776538961954e+02
5.282074026356055185e+01
8.301493775862488178e+01
1.699737430008464685e+02
3.052695176369684873e+02
1.236653107666033975e+02
1.566734613784066426e+02
9.444694442189272365e+01
8.358825792648330832e+01
1.906384900451393776e+02
2.825406294728954890e+02
3.456224758709241200e+02
2.831774274562157530e+02
2.407947888175114315e+02
3.342631424664822362e+02
3.363021711897772548e+02
1.910634883409650797e+02
2.798707780340182012e+02
3.862926556982309023e+01
9.594660283609678686e+01
9.643211767618842600e+01
3.358549652611493457e+02
3.364647815070381967e+02
1.610063484709094439e+02
3.362055375238213628e+02
2.352598230728262081e+02
1.632157280878342362e+02
1.247310916558741525e+02
2.092321867815323913e+02
2.086167189289365638e+02
2.798707780340182012e+02
3.366435588237869183e+02
8.758561306772034527e+01
2.798707780340182012e+02
2.860181939835827620e+02
2.834712437690357092e+02
2.798707780340182012e+02
5.041049096580110245e+01
1.225577897897796120e+01
5.177815687822167234e+01
2.798707780340182012e+02
2.963735751870381208e+01
1.346984719183008039e+01
3.012354706924909564e+01
2.798707780340182012e+02
3.180693935661234377e+02
3.038147690042806630e+02
2.798707780340182012e+02
2.798707780340182012e+02
2.530058545014963158e+02
3.828714040696943322e+00
3.888351307344569108e+01
6.460542630020738386e+01
2.572575961995409557e+02
7.713608159329962355e+00
2.798707780340182012e+02
2.867525754792848716e+02
1.867625705710894692e+02
5.635549736491602069e+00
7.182638394703811713e+00
2.670822396968671910e+02
2.737982196817551994e+02
1.176090008108804881e+02
1.848493230415870698e+02
1.847720903878921206e+02
1.186620417300542272e+02
1.169126097682236320e+02
2.975581156866269694e+01
1.036781603189869827e+01
2.920641257037357832e+02
7.679238777686777873e+00
2.798707780340182012e+02
5.988622304612202463e+00
2.951341394791215222e+01
3.259629658294828118e+02
2.798707780340182012e+02
7.214286632401596400e+00
2.262018806655997025e+02
1.848493230415870698e+02
2.798707780340182012e+02
3.176488920970820686e+02
2.215017692502832176e+02
4.974934112416093512e+01
3.172036476338220723e+02
7.062156745654048962e+01
3.473753182881796988e+02
2.451473235968306028e+02
3.593534746816158645e+02
1.860943830502364165e+02
3.469004495048408216e+02
3.313169116120948274e+02
8.898858076790078897e+00
7.046041947955894003e+00
2.489873038658035043e+01
2.556909148915516141e+02
2.468577312203727558e+02
2.760470311077210681e+02
7.186893475121632946e+01
1.202080656902712974e+02
3.318423864532229572e+02
2.305470650344093428e+02
1.172074924460307841e+02
2.199030729814324161e+02
1.175091156357636208e+02
1.097860845842927091e+01
3.080820302319951338e+02
2.869682329966704692e+00
1.361229260115268573e+02
2.888085222365818368e+02
6.418845736514482780e+01
2.285844122574238781e+02
1.664541768713087606e+02
3.376693796016515421e+02
3.376693796016515421e+02
2.596569379804402615e+02
2.406579216063935291e+02
2.591286142376451949e+02
1.668822282550481759e+02
1.078407047680085213e+02
2.417251638427795868e+01
3.406991673386121420e+02
1.832037187035429042e+02
2.914770228226594213e+02
3.616011144312482628e+01
3.374631666872966775e+02
1.726170447447435663e+02
3.109508487622490520e+02
